23
33
42
34
45
33
45
24
34
34
45
66
47
56
32
34
23
45
67
54
43
35
42
53
45
56
78
46
75
46
45
33
13
34
34
45
56
54
46
54
32
54
34
35
63
34
51
32
42
62
71
35
74
67
45
67
43
53
46
57
72
35
73
67
43
53
46
57
67
43
53
46
57
67
43
53
46
57
67
43
53
46
57
67
43
53
46
57
67
43
53
46
57
67
43
53
46
57
67
43
53
46
57
67
43
53
46
57
67
43
53
46
57
67
43
53
46
57
67
43
53
46
57
67
43
53
46
57
67
43
53
46
57
67
43
53
46
57
67
43
53
46
57
67
43
53
46
57
67
43
53
46
57
67
43
53
46
57
67
43
53
46
57
67
43
53
46
57
67
43
53
46
57
67
43
53
46
57
67
43
53
46
57
67
43
53
46
57
67
43
53
46
57
67
43
53
46
57
67
43
53
46
57
67
43
53
46
57
67
43
53
46
57
67
43
53
46
57
67
43
53
46
57
67
43
53
46
57
67
43
53
46
57
67
43
53
46
57
67
43
53
46
57
67
43
53
46
57
67
43
53
46
57
67
43
53
46
57
67
43
53
46
57
67
43
53
46
57
67
43
53
46
57
67
43
53
46
57
67
43
53
46
57
67
43
53
46
57
67
43
53
46
57
67
43
53
46
57
67
43
53
46
57
67
43
53
46
57
67
43
53
46
57
67
43
53
46
57
67
43
53
46
57
67
43
53
46
57
67
43
53
46
57
67
43
53
46
57
67
43
53
46
57
67
43
53
46
57
67
43
53
46
57
67
43
53
46
57
67
43
53
46
57
67
43
53
46
57
67
43
53
46
57
67
43
53
46
57
67
43
53
46
57
67
43
53
46
57
67
43
53
46
57
67
43
53
46
57
67
43
53
46
57
67
43
53
46
57
67
43
53
46
57
67
43
53
46
57
67
43
53
46
57
67
43
53
46
57
67
43
53
46
57
67
43
53
46
57
67
43
53
46
57
67
43
53
46
57
67
43
53
46
57
67
43
53
46
57
67
43
53
46
57
67
43
53
46
57
67
43
53
46
57
67
43
53
46
57
67
43
53
46
57
67
43
53
46
57
67
43
53
46
57
67
43
53
46
57
67
43
53
46
57
67
43
53
46
57
67
43
53
46
57
67
43
53
46
57
67
43
53
46
57
67
43
53
46
57
67
43
53
46
57
67
43
53
46
57
67
43
53
46
57
67
43
53
46
57
67
43
53
46
57
67
43
53
46
57
67
43
53
46
57
67
43
53
46
57
67
43
53
46
57
67
43
53
46
57
67
43
53
46
57